
    -0.452   6.68e-07   3.42e-08  -1.72e-06  -1.27e-06    1.4e-07   2.21e-06 
  6.68e-07      0.403   5.22e-08  -7.64e-08  -6.34e-07   -2.1e-07    2.5e-07 
  3.42e-08   5.22e-08       1.65  -2.04e-07  -7.79e-07   9.14e-08   4.17e-07 
 -1.72e-06  -7.64e-08  -2.04e-07       3.18   4.64e-07    5.7e-07   1.94e-15 
 -1.27e-06  -6.34e-07  -7.79e-07   4.64e-07       4.74  -3.52e-07  -1.21e-06 
   1.4e-07   -2.1e-07   9.14e-08    5.7e-07  -3.52e-07       6.13    5.8e-07 
  2.21e-06    2.5e-07   4.17e-07   2.55e-15  -1.21e-06    5.8e-07       7.16 
